0 0.5304532019704433 0.25007244277021146 0.10147783251231522 0.11285821043480912
0 0.5723251231527092 0.38504476200643595 0.029556650246305365 0.06557977092833499
0 0.6880886699507389 0.13950189876313498 0.06995073891625622 0.14793576232670924
0 0.683655172413793 0.247022220866568 0.05517241379310349 0.07625554759108726
0 0.7038522167487683 0.44147386722384047 0.10344827586206895 0.28214552608702276
0 0.7097635467980294 0.7060806173649132 0.10147783251231522 0.2043648675441138
0 0.6994187192118225 0.9020573746740074 0.0748768472906404 0.17233753755585707
0 0.5673990147783251 0.8906190425353443 0.0374384236453202 0.05185377236193921
0 0.5688768472906404 0.7808110540041787 0.026600985221674932 0.06100443807286987
0 0.37338423645320196 0.9643276548368892 0.061231527093596125 0.05896078939742882
0 0.3984334975369458 0.6778660647562109 0.05221674876847294 0.07778065854290898
0 0.2550837438423645 0.6366880690570239 0.03546798029556652 0.05642910521740454
0 0.513 0.015479876160990712 0.05 0.030959752321981424
0 0.5038522167487685 0.5543320776586497 0.17635467980295566 0.40415440223276233