0 0.23333333333333334 0.29837662337662335 0.04662004662004667 0.09956709956709955
0 0.39844599844599843 0.19502164502164498 0.05050505050505048 0.10064935064935064
0 0.4473970473970474 0.15660173160173158 0.052059052059052084 0.09740259740259738
0 0.5790986790986791 0.17337662337662338 0.09945609945609937 0.1634199134199134
0 0.5285936285936286 0.24967532467532466 0.04040404040404039 0.07575757575757577
0 0.49052059052059055 0.3892857142857143 0.04351204351204351 0.2077922077922078
0 0.7815073815073814 0.3422077922077922 0.06293706293706283 0.1266233766233766
0 0.776068376068376 0.19935064935064933 0.038073038073038135 0.07467532467532467
0 0.9097125097125096 0.24047619047619045 0.05205905205905194 0.10281385281385279
0 0.8968919968919968 0.47586580086580077 0.03418803418803429 0.09523809523809526
0 0.7803418803418803 0.67987012987013 0.04351204351204358 0.09632034632034632
0 0.4975135975135974 0.8443722943722944 0.057498057498057455 0.13311688311688313
0 0.23566433566433564 0.6084415584415584 0.04040404040404042 0.08982683982683984