0 0.32478431372549016 0.9003663749236718 0.10784313725490195 0.10007463192889611
0 0.5198823529411765 0.8842526630029173 0.050980392156862765 0.04749304566117099
0 0.16301960784313724 0.5085487482190107 0.07843137254901959 0.13060587556822037
0 0.24782352941176472 0.5161815591288418 0.06960784313725492 0.13908677657914373
0 0.32527450980392153 0.4678404233665784 0.0813725490196078 0.20863016486871563
0 0.4027254901960784 0.5102449284211955 0.0558823529411765 0.11025171314200417
0 0.4703725490196078 0.5127891987244724 0.059803921568627474 0.1289096953660356
0 0.5336078431372548 0.5136372888255648 0.06078431372549017 0.12382115475948167
0 0.5958627450980392 0.459359522355655 0.05 0.21541488567745437
0 0.6478235294117647 0.5093968383201031 0.04607843137254902 0.10177081213108082
0 0.6968431372549018 0.506852568016826 0.038235294117647 0.10685935273763489
0 0.7345882352941175 0.5255105502408576 0.050980392156862765 0.30361625619105764
0 0.7934117647058823 0.5229662799375805 0.03921568627450991 0.09498609132234204
0 0.8340980392156861 0.5178777393310265 0.03627450980392162 0.08141664970486462
0 0.8679215686274508 0.5212700997353958 0.03529411764705886 0.08480901010923397
0 0.907627450980392 0.5195739195332112 0.03235294117647057 0.08141664970486469
0 0.9747843137254901 0.5204220096343035 0.03137254901960781 0.08650519031141862