0 0.143974175035868 0.492106401384083 0.1413199426111908 0.20220588235294112
0 0.11707317073170732 0.7478373702422146 0.0774748923959828 0.129757785467128
0 0.4721664275466284 0.3466695501730104 0.17073170731707318 0.22275086505190314
0 0.6127690100430416 0.3958693771626298 0.11908177905308455 0.12435121107266438
0 0.7207317073170731 0.20447664359861592 0.07962697274031559 0.05730968858131485
0 0.7598278335724533 0.37856833910034604 0.10616929698708759 0.12435121107266438
0 0.8559540889526543 0.24124134948096887 0.07030129124820658 0.18274221453287195
0 0.9190817790530847 0.2471885813148789 0.035868005738880875 0.12110726643598614
0 0.14512195121951219 0.051470588235294115 0.06585365853658537 0.10294117647058823
0 0.07560975609756097 0.042279411764705885 0.03414634146341464 0.08455882352941177
0 0.24548063127690103 0.23367214532871974 0.09899569583931131 0.2757352941176471
0 0.24655667144906745 0.5769896193771626 0.07101865136298423 0.35899653979238755