0 0.07909867909867908 0.3773809523809524 0.031857031857031835 0.10822510822510825
0 0.060450660450660436 0.48452380952380947 0.04273504273504275 0.10822510822510825
0 0.046464646464646445 0.6154761904761904 0.03651903651903652 0.16233766233766228
0 0.27878787878787875 0.6279220779220779 0.03962703962703959 0.15259740259740256
0 0.2741258741258741 0.4823593073593074 0.027195027195027165 0.1471861471861472
0 0.2717948717948718 0.27943722943722943 0.031857031857031815 0.08982683982683984
0 0.4306915306915306 0.21450216450216447 0.03418803418803421 0.1158008658008658
0 0.45050505050505046 0.28484848484848485 0.020979020979020994 0.06818181818181819
0 0.46565656565656555 0.3568181818181818 0.023310023310023315 0.08225108225108226
0 0.5056721056721056 0.4672077922077922 0.038073038073038065 0.14935064935064934
0 0.5779331779331779 0.6290043290043289 0.05205905205905201 0.17857142857142858
0 0.8996114996114996 0.644155844155844 0.06604506604506603 0.16125541125541118
0 0.7947163947163945 0.49318181818181817 0.042735042735042784 0.11255411255411256
0 0.704972804972805 0.3357142857142857 0.03108003108003109 0.13961038961038957
0 0.6163947163947163 0.22316017316017317 0.04040404040404039 0.09848484848484847
0 0.786169386169386 0.1998917748917749 0.038073038073038135 0.09523809523809523
0 0.969153069153069 0.3335497835497835 0.03574203574203574 0.1612554112554112