0 0.1864085239085239 0.5983108108108108 0.07666320166320163 0.11564449064449067
0 0.1711408523908524 0.2728170478170478 0.05652286902286901 0.07536382536382537
0 0.3075753638253638 0.3066008316008316 0.05262474012474011 0.05977130977130977
0 0.34395790020790024 0.35597713097713096 0.047427234927234954 0.06756756756756757
0 0.3569516632016632 0.4807172557172557 0.026637214137214163 0.049376299376299386
0 0.5892151767151766 0.5794698544698544 0.0402806652806653 0.09355509355509355
0 0.6372920997920998 0.582068607068607 0.027286902286902268 0.05717255717255719
0 0.7795738045738045 0.7269490644490644 0.02079002079002091 0.029885654885654922
0 0.6762733887733888 0.32349272349272346 0.03638253638253643 0.08316008316008318
0 0.5336668399168399 0.3611746361746362 0.02793659043659049 0.049376299376299386
0 0.5434121621621621 0.28516112266112265 0.030535343035343065 0.0402806652806653