0 0.02909090909090909 0.7786885245901639 0.05818181818181818 0.14754098360655737
0 0.06363636363636363 0.5519125683060109 0.12727272727272726 0.10382513661202186
0 0.07187642441124335 0.17719226144268382 0.1367434793618638 0.16743534712391736
0 0.2562268928842745 0.330167283133172 0.08407191694099776 0.05936344125302523
0 0.33827298050139276 0.20230756351127144 0.12661433274246647 0.0684962783688753
0 0.5211040769815143 0.21905109822366317 0.12560141808052663 0.10502762683227546
0 0.6031501645986325 0.26243207452395084 0.024309951886553605 0.051752743656483545
0 0.49983286908078 0.3332115621717887 0.04456824512534819 0.08371767356195872
0 0.5793466700430489 0.33853905048936783 0.10433021017979234 0.0882840921198837
0 0.6948189415041782 0.3385390504893679 0.1185110154469486 0.06697413884956699
0 0.699377057482907 0.4641155608323059 0.11547227146112939 0.15982464952737566
0 0.5048974423904786 0.4656377003516143 0.040516586477589274 0.07458483644610867
0 0.5798531273740187 0.5295675601625645 0.08913649025069638 0.05327488317579188
0 0.7849683464168143 0.3712650501544972 0.02532286654849331 0.03805348798270852
0 0.9125955938212206 0.36365435255795553 0.071916940997721 0.05023060413717525