0 0.14924242424242423 0.35645440762399827 0.08373205741626796 0.0974658869395712
0 0.30913078149920253 0.384611219406541 0.06698564593301432 0.04764998917045705
0 0.4112041467304625 0.3819038336582196 0.0653907496012759 0.042235217673814135
0 0.2389553429027113 0.3217998700454841 0.019138755980861205 0.017327268789257104
0 0.5348086124401913 0.43713450292397665 0.04944178628389153 0.04656703487112845
0 0.6624003189792663 0.4203487112843837 0.07336523125996812 0.06281134936105691
0 0.18273524720893142 0.738737275286983 0.04864433811802236 0.10829542993285685
0 0.2648724082934609 0.7631037470218757 0.09808612440191389 0.0985488412388998
0 0.3613636363636364 0.8205003248862897 0.0996810207336523 0.11371020142949965
0 0.6436602870813397 0.7284492094433614 0.06937799043062204 0.1267056530214425
0 0.7991626794258374 0.7528156811782541 0.1794258373205742 0.15161360190599957
0 0.9355263157894738 0.7896361273554255 0.0773524720893142 0.08880225254494259