0 0.17419103313840156 0.06151136036813345 0.03573749187784276 0.05152909596395361
0 0.23721897335932426 0.12082973828012655 0.02664067576348278 0.062314255584315976
0 0.27360623781676413 0.17415636084747388 0.029239766081871323 0.03954558527466208
0 0.30252111760883693 0.19872255776052153 0.01819363222871996 0.0263637235164414
0 0.34703053931124106 0.25983846227590834 0.05003248862897989 0.09107468123861563
0 0.3960883690708252 0.3083716805675391 0.015594541910331385 0.03235547886108713
0 0.4233788174139051 0.3251485955325472 0.024691358024691364 0.029958776723228817
0 0.4532683560753737 0.3694875850829259 0.020792722547108535 0.0419422874125204
0 0.48575698505523063 0.4012438884095485 0.027290448343079875 0.04793404275716616
0 0.5033008447043534 0.4587647397181478 0.020792722547108535 0.04314063848144947
0 0.5253931124106563 0.557628702904803 0.03638726445743992 0.13062026651327782
0 0.47308641975308646 0.6205421340235835 0.055230669265756975 0.03355382993001632
0 0.3463807667316439 0.6187446074201899 0.0747238466536712 0.0419422874125204
0 0.4003118908382066 0.6552943150225289 0.04223521767381416 0.04314063848144947
0 0.609538661468486 0.6876497938836161 0.05782975958414555 0.04074393634359121
0 0.6800389863547758 0.7247986770204199 0.020792722547108473 0.023967021378583052