0 0.012125850340136057 0.373469387755102 0.021258503401360564 0.04342162396873642
0 0.12096938775510206 0.36478506296135477 0.021258503401360544 0.02388189318280505
0 0.16731292517006804 0.37238384715588363 0.03401360544217686 0.02822405557967867
0 0.21790816326530613 0.370755536257056 0.028061224489795887 0.0336517585757707
0 0.26637755102040817 0.3636995223621364 0.019557823129251705 0.03473729917498917
0 0.3233503401360544 0.36532783326096396 0.036564625850340156 0.03365175857577076
0 0.37522108843537416 0.37184107685627443 0.024659863945578214 0.04884932696482851
0 0.4266666666666667 0.3685844550586192 0.025510204081632726 0.04667824576639169
0 0.5006462585034014 0.3620712114633088 0.059523809523809534 0.05102040816326526
0 0.5520918367346939 0.36044290056448114 0.034863945578231324 0.03907946157186279
0 0.6162925170068028 0.3669561441597916 0.04421768707482992 0.054277029960920535
0 0.681343537414966 0.3702127659574468 0.033163265306122486 0.034737299174989106
0 0.7387414965986394 0.3691272253582284 0.03231292517006807 0.041250542770299665
0 0.7927380952380951 0.3674989144594008 0.034863945578231324 0.05753365175857575
0 0.8586394557823128 0.3685844550586192 0.04761904761904759 0.05753365175857575
0 0.913061224489796 0.3745549283543204 0.025510204081632726 0.03473729917498917
0 0.9772619047619048 0.3745549283543204 0.026360544217687146 0.0412505427702996
0 0.8722448979591837 0.49179331306990887 0.086734693877551 0.05861919235779422
0 0.4768367346938775 0.5460703430308294 0.11564625850340131 0.10638297872340431
0 0.16858843537414966 0.4988493269648285 0.17942176870748297 0.1595744680851064