0 0.6088325607776409 0.7519493177387914 0.17798118484617342 0.08876357560568085
0 0.9291009016409476 0.6875522138680035 0.12223982475698728 0.2001531606794765
0 0.7697001701578361 0.7571707045391255 0.11832815036476357 0.08876357560568085
0 0.8655361927673141 0.12190197716513505 0.14570987111032874 0.17578668894458369
0 0.9756302685364469 0.2923106377053746 0.03536153650570132 0.10585491506544138
0 0.6777758219405817 0.18890977443609022 0.06356470887363336 0.18100807574491784
0 0.8904731170177393 0.28811612364243944 0.03129339513778867 0.0348092453355611
0 0.587807310919439 0.2028334725703147 0.06160887167752151 0.16360345307713728
0 0.3619081147685267 0.3838415483152326 0.19264996381701188 0.7135895293790031
0 0.06217606446439399 0.6292467279309385 0.07236597625613644 0.09050403787245896
0 0.15018873828942478 0.36817738791423 0.16820199886561443 0.3933444722918407
0 0.5364665845215044 0.07926065162907268 0.1153943945705959 0.07658033973823447