0 0.6770674486803518 0.14414085107679184 0.07917888563049856 0.11422827378232657
0 0.6917302052785923 0.26217673398519603 0.06744868035190621 0.08224435712327514
0 0.7034604105571847 0.44570349386213404 0.10068426197458455 0.2543482896219806
0 0.7078592375366568 0.7046209144354076 0.10557184750733138 0.19951871820646383
0 0.692218963831867 0.903378110816656 0.06451612903225809 0.1705808888482745
0 0.567585532746823 0.8972859362149319 0.03812316715542517 0.04873739681379264
0 0.5700293255131964 0.7929574461604069 0.02737047898338212 0.05635261506594774
0 0.5700293255131964 0.3923969660970483 0.031280547409579744 0.038076091260775526
0 0.5323949169110459 0.24466173200523925 0.10459433040078196 0.10204392457887845
0 0.5081818181818182 0.015580736543909348 0.04727272727272727 0.031161473087818695
0 0.3916324535679374 0.684059825154589 0.05376344086021504 0.06092174601724084
0 0.3764809384164223 0.9681074659599744 0.04496578690127075 0.04416826586249954
0 0.2596676441837732 0.646745255719029 0.03030303030303034 0.05939870236680984