0 0.17412824207492797 0.6500725878095817 0.2716138328530259 0.31526944161556625
0 0.096678674351585 0.40251565513206644 0.18443804034582134 0.18417802431149924
0 0.2404106628242075 0.3857229529154298 0.0670028818443804 0.09425581244176723
0 0.41368155619596536 0.3862646529869342 0.07060518731988473 0.07367120972459969
0 0.5044596541786742 0.3591796494117137 0.09798270893371758 0.13000801716105823
0 0.6078458213256483 0.39493185413100473 0.05979827089337185 0.08667201144070553
0 0.6737680115273775 0.3943901540595003 0.06195965417867441 0.08342181101167907
0 0.7497766570605187 0.41876665727719875 0.08285302593659935 0.09533921258477605
0 0.8293876080691642 0.4198500574202076 0.05187319884726236 0.08233841086867025
0 0.8888256484149855 0.423100257849234 0.0353025936599424 0.05850360772247618
0 0.9313328530259365 0.435017659422331 0.02089337175792508 0.036835604862299816