0 0.91875 0.60234375 0.1609375 0.3203125
0 0.334375 0.8 0.05625 0.0625
0 0.31015625 0.50703125 0.215625 0.275
0 0.08515625 0.81484375 0.053125 0.0671875
0 0.1140625 0.66796875 0.0734375 0.11875
0 0.175 0.73828125 0.0875 0.0515625
0 0.33046875 0.6875 0.0609375 0.053125
0 0.5296875 0.646875 0.0578125 0.0296875
0 0.584375 0.69140625 0.0625 0.059375
0 0.86796875 0.60546875 0.0671875 0.0875
0 0.96796875 0.59609375 0.0640625 0.1046875
0 0.9484375 0.6984375 0.065625 0.0703125
0 0.6546875 0.696875 0.0625 0.0578125
0 0.453125 0.60703125 0.0453125 0.1