0 0.10448279695403258 0.8419472722526756 0.17439275193152134 0.1674932567649873
0 0.13123228280807073 0.6706473505612113 0.05558334722917015 0.04459236056730185
0 0.27887554888555394 0.7989863395110067 0.1188094047023512 0.1794570608196293
0 0.3726724473347785 0.7625511180718699 0.04099271858151299 0.05655616462194375
0 0.48071257851147803 0.5738492995736536 0.2751375687843923 0.33172365787870883
0 0.5418542604635651 0.7582006438701818 0.033350008337502006 0.03262855651265985
0 0.528305819576455 0.37753415122248324 0.034044800177866645 0.06960758722700772
0 0.5922266688900006 0.34762464108587837 0.04655105330442993 0.06199425737405374
0 0.7662720249013396 0.6151788044896894 0.06808960035573353 0.06634473157574172
0 0.832277249735979 0.6271426085443313 0.02223333889166812 0.031540937962237836
0 0.8847340336835084 0.6233359436178544 0.027096881774220483 0.05220569042025578
0 0.7172892001556335 0.7804968241538328 0.07434272691901506 0.07069520577742987
0 0.9139013951420155 0.7243757069520578 0.17019620921571896 0.09549290872705125
0 0.915304874659552 0.8827329678935004 0.040992718581512926 0.07069520577742978