0 0.07083363088089224 0.2678316032295271 0.08309691827288249 0.11534025374855825
0 0.24319481682972274 0.3404959630911188 0.04089926446243433 0.062283737024221415
0 0.30162233749034323 0.15018454440599768 0.03700409641839298 0.05536332179930798
0 0.3561546901069223 0.635767012687428 0.060375104682641186 0.0784313725490196
0 0.5499393002979803 0.41489042675893884 0.06232268870466191 0.07497116493656288
0 0.6148587676986698 0.2614878892733564 0.020774229568220566 0.02422145328719722
0 0.5132598012165908 0.2787889273356401 0.04739121120250327 0.08189158016147635
0 0.687568571187442 0.4979354094579008 0.04025006978842742 0.07958477508650513
0 0.7602783746762141 0.44545559400230683 0.05583074196459293 0.08996539792387542
0 0.7969578737576036 0.6253863898500577 0.02791537098229641 0.055363321799307905
0 0.828443815446938 0.7672549019607844 0.05063718457253776 0.062283737024221464
0 0.8868713361075585 0.38144175317185697 0.015580672176165506 0.03806228373702424
0 0.896609256217662 0.31973471741637827 0.029862955004317192 0.05305651672433683
0 0.9715912410654584 0.12077277970011532 0.046092821854489555 0.07035755478662052
0 0.7443731051630452 0.9350749711649365 0.07725416620682046 0.09573241061130337
0 0.6502398774320456 0.933344867358708 0.07465738751079282 0.0668973471741638
0 0.5674675564961665 0.9564129181084199 0.027266176308289553 0.03229527104959629
0 0.4551568778929737 0.9466089965397922 0.07141141414075838 0.056516724336793424
0 0.2532573342768296 0.9396885813148788 0.11036309458117206 0.04728950403690893
0 0.01876172607879925 0.93 0.0375234521575985 0.04666666666666667