0 0.11827303131650957 0.6688086219336219 0.08361204013377925 0.16797438672438672
0 0.2911979325022803 0.6361156204906204 0.05700820918212218 0.09582431457431455
0 0.5977754129928042 0.8435470779220777 0.08614573831965135 0.23561507936507942
0 0.7466301814127901 0.7837977994227993 0.10008107834194785 0.14542748917748913
0 0.8920011148272017 0.6084956709956709 0.09438025742373568 0.12400793650793648
0 0.2262719164893078 0.24549062049062048 0.09057971014492752 0.16684704184704185
0 0.42263352589439546 0.5295815295815296 0.10071450288841587 0.12175324675324675
0 0.4017305158609506 0.2020878427128427 0.09311340833079965 0.174738455988456
0 0.5828899361508056 0.46645021645021645 0.07284382284382285 0.12400793650793657
0 0.6858214249518597 0.3616071428571428 0.07981149285497105 0.14204545454545453
0 0.79318688557819 0.3187680375180375 0.08044491740143916 0.1443001443001443
0 0.9433085030911116 0.2838203463203463 0.08044491740143916 0.1352813852813853