0 0.45639993686868685 0.4704335016835017 0.02130681818181818 0.07996632996632998
0 0.5850299873737373 0.4188762626262626 0.06707702020202012 0.1304713804713804
0 0.6453993055555555 0.3504840067340067 0.04103535353535357 0.13468013468013468
0 0.7180003156565656 0.34890572390572394 0.02209595959595958 0.07470538720538718
0 0.6931423611111112 0.42676767676767674 0.018150252525252434 0.04734848484848485
0 0.4820470328282828 0.38204966329966333 0.03787878787878791 0.12205387205387203
0 0.37590751262626265 0.27367424242424243 0.0386679292929293 0.06523569023569026
0 0.3139599116161616 0.30523989898989895 0.02683080808080812 0.0526094276094276
0 0.44732481060606055 0.26999158249158245 0.0394570707070707 0.07260101010101012
0 0.5163746843434344 0.3057659932659933 0.04971590909090909 0.10206228956228956
0 0.620541351010101 0.21790824915824913 0.03077651515151526 0.0526094276094276
0 0.41497001262626265 0.37363215488215484 0.025252525252525245 0.11363636363636363
0 0.34789299242424243 0.3541666666666667 0.02998737373737378 0.06418350168350168
0 0.3715672348484849 0.4167718855218855 0.023674242424242452 0.06313131313131315
0 0.6000236742424242 0.32575757575757575 0.024463383838383767 0.038930976430976406