0 0.06881470598284756 0.6251102393333942 0.10022664889921526 0.06234224371255663
0 0.2094736961993599 0.5817747772405194 0.17197981799751713 0.15509533801660436
0 0.4566235008712885 0.6479183772770124 0.030751358184986474 0.025849223002767357
0 0.47655493673192784 0.45633001855061883 0.0341681757610962 0.04713681841681112
0 0.5813373423992892 0.6570416324544598 0.07289210829033842 0.03193139312106568
0 0.6986480791790526 0.679849770398078 0.038723932529242215 0.050177903475960205
0 0.7219963326158017 0.49738466684913174 0.021639844648694225 0.03801356323936378
0 0.35924419995216456 0.3453304138916765 0.08655937859477679 0.0593011586534075
0 0.7368025421122766 0.34609068515646385 0.1036434664753249 0.08515038165617493
0 0.8888509242491544 0.3901864185141259 0.16628512203733434 0.12164340236596417
0 0.8615163836402774 0.6311924094516924 0.23689935194359965 0.2113554116108628