0 0.10315154836941622 0.3746793617668797 0.07125239791723768 0.043476370592582955
0 0.1689229926007125 0.5567366636233207 0.04110715264456019 0.10543019868701357
0 0.29224445053439296 0.6480370418677448 0.0959166895039737 0.05543237250554318
0 0.3641819676623732 0.7632494239380896 0.09454645108248833 0.07064910221294725
0 0.7766237325294599 0.7931394287204904 0.4343655796108521 0.08912655971479501
0 0.3724033981912852 0.5627146645798008 0.08632502055357624 0.10216947089256988
0 0.5361468895587831 0.6366244945871918 0.13428336530556303 0.06304073735924527
0 0.612880241161962 0.5436937524455459 0.07673335160317891 0.15108038780922567
0 0.7800493285831733 0.5257597495761054 0.16168813373526977 0.11521238207034475
0 0.8766511372978897 0.35946263205947565 0.22334886270211013 0.3173775053258554
0 0.7005755001370237 0.34424590235207164 0.10139764318991505 0.10434328942219903
0 0.4484516305837215 0.34098517455762783 0.15894765689229917 0.09564801530368244
0 0.29292956974513557 0.36381026911873393 0.10002740476842968 0.06086691882961612