0 0.15594355417364267 0.5369187726180701 0.05808589879386338 0.09579417936319681
0 0.220293618523707 0.47001490131678986 0.0523912028336807 0.07450658394915313
0 0.2681290645892416 0.4806586990238117 0.027334540608876853 0.056260073594258456
0 0.23453035842416373 0.5825350485053067 0.028473479800913467 0.04409573335766203
0 0.2544617942848031 0.679849770398078 0.04783544606553452 0.05321898853510929
0 0.30115830115830117 0.6737676002797798 0.013667270304438426 0.038013563239363855
0 0.343299051263653 0.6783292278685035 0.034168175761096146 0.05321898853510929
0 0.32792337217115974 0.5878569473588175 0.07630892586644798 0.08210929659702589
0 0.26699012539720507 0.577973420916583 0.02505666222480379 0.04409573335766203
0 0.3358959465154155 0.48826141167168446 0.08314256101866722 0.07450658394915305
0 0.4668739535996173 0.48826141167168446 0.04897438525757108 0.050177903475960205
0 0.47086024077174515 0.5772131496517957 0.04100181091331533 0.04257519082808745
0 0.4731381191558182 0.6608429887783961 0.04555756768146146 0.060821701182982045
0 0.5431828794660652 0.506507922026579 0.051252263641644195 0.07146549889000396
0 0.5460302274461567 0.5878569473588175 0.05011332444960758 0.060821701182982045
0 0.5465996970421749 0.6646443451023325 0.04897438525757108 0.044095733357661954
0 0.4104964635938087 0.4236383541647659 0.0523912028336807 0.05169844600553478
0 0.5209735652213529 0.42439862542955326 0.06605847313811918 0.07754766900830222
0 0.7293994373640392 0.4593711036097679 0.10022664889921527 0.05930115865340754
0 0.6758692953383219 0.5087887358209409 0.03644605414516921 0.0364930207097892
0 0.6821334608945228 0.5734117933278593 0.035307114953132594 0.03497247818021469
0 0.7760959442375371 0.5855761335644558 0.06378059475404606 0.19614998631511724