0 0.422463768115942 0.8013512040971994 0.05579710144927541 0.126402963931568
0 0.4913043478260869 0.9282990083905414 0.03405797101449271 0.07736733137190804
0 0.5492753623188406 0.8427590715920235 0.06304347826086958 0.06756020485997603
0 0.5460144927536231 0.9277541680287675 0.06811594202898552 0.06102212051868812
0 0.6036231884057971 0.8934292252370053 0.05289855072463761 0.07736733137190804
0 0.49601449275362314 0.5975809087937234 0.03333333333333333 0.080636373542552
0 0.4989130434782608 0.6923831317423994 0.042028985507246354 0.05448403617740006
0 0.4706521739130434 0.6863898877628853 0.03333333333333333 0.10134030728996397
0 0.4938405797101449 0.5109512912716574 0.03043478260869563 0.08608477716029199
0 0.4630434782608695 0.47117794486215536 0.02971014492753625 0.09153318077803203
0 0.4855072463768115 0.3801896044458973 0.045652173913043444 0.19723221096218804
0 0.5481884057971015 0.4357633213468453 0.06811594202898552 0.166721150702844
0 0.5702898550724638 0.6493407431622534 0.08478260869565218 0.06864988558352397
0 0.5507246376811594 0.7653917402201155 0.031159420289855102 0.06973956630707205
0 0.5887681159420289 0.7593984962406015 0.020289855072463846 0.07954669281900392
0 0.5663043478260869 0.5572627220224474 0.040579710144927505 0.06973956630707205
0 0.48043478260869565 0.22872398387272525 0.016666666666666666 0.04903563255966001