0 0.2977825126262626 0.3047138047138047 0.03551136363636364 0.045244107744107795
0 0.3344775883838384 0.3389099326599327 0.020517676767676785 0.06313131313131315
0 0.3549952651515152 0.39783249158249157 0.028409090909090908 0.05892255892255893
0 0.36683238636363635 0.2647306397306397 0.04419191919191916 0.05576599326599329
0 0.3747238005050505 0.3105008417508417 0.031565656565656575 0.07575757575757576
0 0.4007654671717172 0.3625841750841751 0.02998737373737378 0.10206228956228956
0 0.44732481060606055 0.457807239057239 0.025252525252525245 0.10101010101010098
0 0.4398279671717172 0.2526304713804714 0.0386679292929293 0.07996632996632998
0 0.4927004419191919 0.2694654882154882 0.027619949494949513 0.0526094276094276
0 0.4682370580808081 0.37152777777777773 0.05287247474747476 0.140993265993266
0 0.5207149621212122 0.32365319865319864 0.025252525252525245 0.059974747474747514
0 0.5739820075757577 0.2915614478114478 0.0386679292929293 0.07996632996632992
0 0.6382970328282828 0.335753367003367 0.05366161616161624 0.1494107744107744
0 0.5514914772727273 0.37363215488215484 0.03472222222222224 0.07365319865319865
0 0.5901594065656565 0.43413299663299665 0.026830808080808035 0.0894360269360269
0 0.6832780934343434 0.4078282828282828 0.029987373737373865 0.0789141414141414
0 0.7180003156565656 0.3525883838383838 0.04577020202020211 0.0841750841750842
0 0.6888020833333333 0.27420033670033667 0.028409090909090908 0.053661616161616126